{
 "cells": [
  {
   "cell_type": "code",
   "execution_count": 1,
   "metadata": {},
   "outputs": [],
   "source": [
    "import numpy as np\n",
    "import matplotlib.pyplot as plt\n",
    "import dpdata\n",
    "import glob\n",
    "import seaborn as sns\n",
    "import pandas as pd\n",
    "import os\n",
    "\n",
    "from sklearn.mixture import GaussianMixture\n",
    "from scipy.stats import multivariate_normal"
   ]
  },
  {
   "cell_type": "code",
   "execution_count": 4,
   "metadata": {},
   "outputs": [],
   "source": [
    "# a general practice\n",
    "\n",
    "# 1. 数据准备\n",
    "# 假设我们有一个原子特征向量数据集 X，形状为 (N, D)，N 是样本数，D 是特征维度\n",
    "# 这里生成一个示例数据集\n",
    "np.random.seed(42)\n",
    "N = 1000  # 样本数\n",
    "D = 8     # 特征维度\n",
    "X = np.random.randn(N, D)  # 随机生成数据集\n",
    "\n"
   ]
  },
  {
   "cell_type": "code",
   "execution_count": 5,
   "metadata": {},
   "outputs": [
    {
     "name": "stdout",
     "output_type": "stream",
     "text": [
      "最优的 M 值: 1\n"
     ]
    }
   ],
   "source": [
    "# 尝试不同的 M 值\n",
    "M_values = range(1, 11)  # 尝试 M 从 1 到 10\n",
    "bic_values_new = []\n",
    "\n",
    "for M in M_values:\n",
    "    gmm = GaussianMixture(n_components=M, covariance_type='full', random_state=42)\n",
    "    gmm.fit(X)\n",
    "    bic_values_new.append(gmm.bic(X))  # 计算 BIC 值\n",
    "\n",
    "# 选择使 BIC 最小的 M\n",
    "optimal_M = M_values[np.argmin(bic_values_new)]\n",
    "print(f\"最优的 M 值: {optimal_M}\")"
   ]
  },
  {
   "cell_type": "code",
   "execution_count": 6,
   "metadata": {},
   "outputs": [
    {
     "data": {
      "text/html": [
       "<style>#sk-container-id-2 {\n",
       "  /* Definition of color scheme common for light and dark mode */\n",
       "  --sklearn-color-text: black;\n",
       "  --sklearn-color-line: gray;\n",
       "  /* Definition of color scheme for unfitted estimators */\n",
       "  --sklearn-color-unfitted-level-0: #fff5e6;\n",
       "  --sklearn-color-unfitted-level-1: #f6e4d2;\n",
       "  --sklearn-color-unfitted-level-2: #ffe0b3;\n",
       "  --sklearn-color-unfitted-level-3: chocolate;\n",
       "  /* Definition of color scheme for fitted estimators */\n",
       "  --sklearn-color-fitted-level-0: #f0f8ff;\n",
       "  --sklearn-color-fitted-level-1: #d4ebff;\n",
       "  --sklearn-color-fitted-level-2: #b3dbfd;\n",
       "  --sklearn-color-fitted-level-3: cornflowerblue;\n",
       "\n",
       "  /* Specific color for light theme */\n",
       "  --sklearn-color-text-on-default-background: var(--sg-text-color, var(--theme-code-foreground, var(--jp-content-font-color1, black)));\n",
       "  --sklearn-color-background: var(--sg-background-color, var(--theme-background, var(--jp-layout-color0, white)));\n",
       "  --sklearn-color-border-box: var(--sg-text-color, var(--theme-code-foreground, var(--jp-content-font-color1, black)));\n",
       "  --sklearn-color-icon: #696969;\n",
       "\n",
       "  @media (prefers-color-scheme: dark) {\n",
       "    /* Redefinition of color scheme for dark theme */\n",
       "    --sklearn-color-text-on-default-background: var(--sg-text-color, var(--theme-code-foreground, var(--jp-content-font-color1, white)));\n",
       "    --sklearn-color-background: var(--sg-background-color, var(--theme-background, var(--jp-layout-color0, #111)));\n",
       "    --sklearn-color-border-box: var(--sg-text-color, var(--theme-code-foreground, var(--jp-content-font-color1, white)));\n",
       "    --sklearn-color-icon: #878787;\n",
       "  }\n",
       "}\n",
       "\n",
       "#sk-container-id-2 {\n",
       "  color: var(--sklearn-color-text);\n",
       "}\n",
       "\n",
       "#sk-container-id-2 pre {\n",
       "  padding: 0;\n",
       "}\n",
       "\n",
       "#sk-container-id-2 input.sk-hidden--visually {\n",
       "  border: 0;\n",
       "  clip: rect(1px 1px 1px 1px);\n",
       "  clip: rect(1px, 1px, 1px, 1px);\n",
       "  height: 1px;\n",
       "  margin: -1px;\n",
       "  overflow: hidden;\n",
       "  padding: 0;\n",
       "  position: absolute;\n",
       "  width: 1px;\n",
       "}\n",
       "\n",
       "#sk-container-id-2 div.sk-dashed-wrapped {\n",
       "  border: 1px dashed var(--sklearn-color-line);\n",
       "  margin: 0 0.4em 0.5em 0.4em;\n",
       "  box-sizing: border-box;\n",
       "  padding-bottom: 0.4em;\n",
       "  background-color: var(--sklearn-color-background);\n",
       "}\n",
       "\n",
       "#sk-container-id-2 div.sk-container {\n",
       "  /* jupyter's `normalize.less` sets `[hidden] { display: none; }`\n",
       "     but bootstrap.min.css set `[hidden] { display: none !important; }`\n",
       "     so we also need the `!important` here to be able to override the\n",
       "     default hidden behavior on the sphinx rendered scikit-learn.org.\n",
       "     See: https://github.com/scikit-learn/scikit-learn/issues/21755 */\n",
       "  display: inline-block !important;\n",
       "  position: relative;\n",
       "}\n",
       "\n",
       "#sk-container-id-2 div.sk-text-repr-fallback {\n",
       "  display: none;\n",
       "}\n",
       "\n",
       "div.sk-parallel-item,\n",
       "div.sk-serial,\n",
       "div.sk-item {\n",
       "  /* draw centered vertical line to link estimators */\n",
       "  background-image: linear-gradient(var(--sklearn-color-text-on-default-background), var(--sklearn-color-text-on-default-background));\n",
       "  background-size: 2px 100%;\n",
       "  background-repeat: no-repeat;\n",
       "  background-position: center center;\n",
       "}\n",
       "\n",
       "/* Parallel-specific style estimator block */\n",
       "\n",
       "#sk-container-id-2 div.sk-parallel-item::after {\n",
       "  content: \"\";\n",
       "  width: 100%;\n",
       "  border-bottom: 2px solid var(--sklearn-color-text-on-default-background);\n",
       "  flex-grow: 1;\n",
       "}\n",
       "\n",
       "#sk-container-id-2 div.sk-parallel {\n",
       "  display: flex;\n",
       "  align-items: stretch;\n",
       "  justify-content: center;\n",
       "  background-color: var(--sklearn-color-background);\n",
       "  position: relative;\n",
       "}\n",
       "\n",
       "#sk-container-id-2 div.sk-parallel-item {\n",
       "  display: flex;\n",
       "  flex-direction: column;\n",
       "}\n",
       "\n",
       "#sk-container-id-2 div.sk-parallel-item:first-child::after {\n",
       "  align-self: flex-end;\n",
       "  width: 50%;\n",
       "}\n",
       "\n",
       "#sk-container-id-2 div.sk-parallel-item:last-child::after {\n",
       "  align-self: flex-start;\n",
       "  width: 50%;\n",
       "}\n",
       "\n",
       "#sk-container-id-2 div.sk-parallel-item:only-child::after {\n",
       "  width: 0;\n",
       "}\n",
       "\n",
       "/* Serial-specific style estimator block */\n",
       "\n",
       "#sk-container-id-2 div.sk-serial {\n",
       "  display: flex;\n",
       "  flex-direction: column;\n",
       "  align-items: center;\n",
       "  background-color: var(--sklearn-color-background);\n",
       "  padding-right: 1em;\n",
       "  padding-left: 1em;\n",
       "}\n",
       "\n",
       "\n",
       "/* Toggleable style: style used for estimator/Pipeline/ColumnTransformer box that is\n",
       "clickable and can be expanded/collapsed.\n",
       "- Pipeline and ColumnTransformer use this feature and define the default style\n",
       "- Estimators will overwrite some part of the style using the `sk-estimator` class\n",
       "*/\n",
       "\n",
       "/* Pipeline and ColumnTransformer style (default) */\n",
       "\n",
       "#sk-container-id-2 div.sk-toggleable {\n",
       "  /* Default theme specific background. It is overwritten whether we have a\n",
       "  specific estimator or a Pipeline/ColumnTransformer */\n",
       "  background-color: var(--sklearn-color-background);\n",
       "}\n",
       "\n",
       "/* Toggleable label */\n",
       "#sk-container-id-2 label.sk-toggleable__label {\n",
       "  cursor: pointer;\n",
       "  display: block;\n",
       "  width: 100%;\n",
       "  margin-bottom: 0;\n",
       "  padding: 0.5em;\n",
       "  box-sizing: border-box;\n",
       "  text-align: center;\n",
       "}\n",
       "\n",
       "#sk-container-id-2 label.sk-toggleable__label-arrow:before {\n",
       "  /* Arrow on the left of the label */\n",
       "  content: \"▸\";\n",
       "  float: left;\n",
       "  margin-right: 0.25em;\n",
       "  color: var(--sklearn-color-icon);\n",
       "}\n",
       "\n",
       "#sk-container-id-2 label.sk-toggleable__label-arrow:hover:before {\n",
       "  color: var(--sklearn-color-text);\n",
       "}\n",
       "\n",
       "/* Toggleable content - dropdown */\n",
       "\n",
       "#sk-container-id-2 div.sk-toggleable__content {\n",
       "  max-height: 0;\n",
       "  max-width: 0;\n",
       "  overflow: hidden;\n",
       "  text-align: left;\n",
       "  /* unfitted */\n",
       "  background-color: var(--sklearn-color-unfitted-level-0);\n",
       "}\n",
       "\n",
       "#sk-container-id-2 div.sk-toggleable__content.fitted {\n",
       "  /* fitted */\n",
       "  background-color: var(--sklearn-color-fitted-level-0);\n",
       "}\n",
       "\n",
       "#sk-container-id-2 div.sk-toggleable__content pre {\n",
       "  margin: 0.2em;\n",
       "  border-radius: 0.25em;\n",
       "  color: var(--sklearn-color-text);\n",
       "  /* unfitted */\n",
       "  background-color: var(--sklearn-color-unfitted-level-0);\n",
       "}\n",
       "\n",
       "#sk-container-id-2 div.sk-toggleable__content.fitted pre {\n",
       "  /* unfitted */\n",
       "  background-color: var(--sklearn-color-fitted-level-0);\n",
       "}\n",
       "\n",
       "#sk-container-id-2 input.sk-toggleable__control:checked~div.sk-toggleable__content {\n",
       "  /* Expand drop-down */\n",
       "  max-height: 200px;\n",
       "  max-width: 100%;\n",
       "  overflow: auto;\n",
       "}\n",
       "\n",
       "#sk-container-id-2 input.sk-toggleable__control:checked~label.sk-toggleable__label-arrow:before {\n",
       "  content: \"▾\";\n",
       "}\n",
       "\n",
       "/* Pipeline/ColumnTransformer-specific style */\n",
       "\n",
       "#sk-container-id-2 div.sk-label input.sk-toggleable__control:checked~label.sk-toggleable__label {\n",
       "  color: var(--sklearn-color-text);\n",
       "  background-color: var(--sklearn-color-unfitted-level-2);\n",
       "}\n",
       "\n",
       "#sk-container-id-2 div.sk-label.fitted input.sk-toggleable__control:checked~label.sk-toggleable__label {\n",
       "  background-color: var(--sklearn-color-fitted-level-2);\n",
       "}\n",
       "\n",
       "/* Estimator-specific style */\n",
       "\n",
       "/* Colorize estimator box */\n",
       "#sk-container-id-2 div.sk-estimator input.sk-toggleable__control:checked~label.sk-toggleable__label {\n",
       "  /* unfitted */\n",
       "  background-color: var(--sklearn-color-unfitted-level-2);\n",
       "}\n",
       "\n",
       "#sk-container-id-2 div.sk-estimator.fitted input.sk-toggleable__control:checked~label.sk-toggleable__label {\n",
       "  /* fitted */\n",
       "  background-color: var(--sklearn-color-fitted-level-2);\n",
       "}\n",
       "\n",
       "#sk-container-id-2 div.sk-label label.sk-toggleable__label,\n",
       "#sk-container-id-2 div.sk-label label {\n",
       "  /* The background is the default theme color */\n",
       "  color: var(--sklearn-color-text-on-default-background);\n",
       "}\n",
       "\n",
       "/* On hover, darken the color of the background */\n",
       "#sk-container-id-2 div.sk-label:hover label.sk-toggleable__label {\n",
       "  color: var(--sklearn-color-text);\n",
       "  background-color: var(--sklearn-color-unfitted-level-2);\n",
       "}\n",
       "\n",
       "/* Label box, darken color on hover, fitted */\n",
       "#sk-container-id-2 div.sk-label.fitted:hover label.sk-toggleable__label.fitted {\n",
       "  color: var(--sklearn-color-text);\n",
       "  background-color: var(--sklearn-color-fitted-level-2);\n",
       "}\n",
       "\n",
       "/* Estimator label */\n",
       "\n",
       "#sk-container-id-2 div.sk-label label {\n",
       "  font-family: monospace;\n",
       "  font-weight: bold;\n",
       "  display: inline-block;\n",
       "  line-height: 1.2em;\n",
       "}\n",
       "\n",
       "#sk-container-id-2 div.sk-label-container {\n",
       "  text-align: center;\n",
       "}\n",
       "\n",
       "/* Estimator-specific */\n",
       "#sk-container-id-2 div.sk-estimator {\n",
       "  font-family: monospace;\n",
       "  border: 1px dotted var(--sklearn-color-border-box);\n",
       "  border-radius: 0.25em;\n",
       "  box-sizing: border-box;\n",
       "  margin-bottom: 0.5em;\n",
       "  /* unfitted */\n",
       "  background-color: var(--sklearn-color-unfitted-level-0);\n",
       "}\n",
       "\n",
       "#sk-container-id-2 div.sk-estimator.fitted {\n",
       "  /* fitted */\n",
       "  background-color: var(--sklearn-color-fitted-level-0);\n",
       "}\n",
       "\n",
       "/* on hover */\n",
       "#sk-container-id-2 div.sk-estimator:hover {\n",
       "  /* unfitted */\n",
       "  background-color: var(--sklearn-color-unfitted-level-2);\n",
       "}\n",
       "\n",
       "#sk-container-id-2 div.sk-estimator.fitted:hover {\n",
       "  /* fitted */\n",
       "  background-color: var(--sklearn-color-fitted-level-2);\n",
       "}\n",
       "\n",
       "/* Specification for estimator info (e.g. \"i\" and \"?\") */\n",
       "\n",
       "/* Common style for \"i\" and \"?\" */\n",
       "\n",
       ".sk-estimator-doc-link,\n",
       "a:link.sk-estimator-doc-link,\n",
       "a:visited.sk-estimator-doc-link {\n",
       "  float: right;\n",
       "  font-size: smaller;\n",
       "  line-height: 1em;\n",
       "  font-family: monospace;\n",
       "  background-color: var(--sklearn-color-background);\n",
       "  border-radius: 1em;\n",
       "  height: 1em;\n",
       "  width: 1em;\n",
       "  text-decoration: none !important;\n",
       "  margin-left: 1ex;\n",
       "  /* unfitted */\n",
       "  border: var(--sklearn-color-unfitted-level-1) 1pt solid;\n",
       "  color: var(--sklearn-color-unfitted-level-1);\n",
       "}\n",
       "\n",
       ".sk-estimator-doc-link.fitted,\n",
       "a:link.sk-estimator-doc-link.fitted,\n",
       "a:visited.sk-estimator-doc-link.fitted {\n",
       "  /* fitted */\n",
       "  border: var(--sklearn-color-fitted-level-1) 1pt solid;\n",
       "  color: var(--sklearn-color-fitted-level-1);\n",
       "}\n",
       "\n",
       "/* On hover */\n",
       "div.sk-estimator:hover .sk-estimator-doc-link:hover,\n",
       ".sk-estimator-doc-link:hover,\n",
       "div.sk-label-container:hover .sk-estimator-doc-link:hover,\n",
       ".sk-estimator-doc-link:hover {\n",
       "  /* unfitted */\n",
       "  background-color: var(--sklearn-color-unfitted-level-3);\n",
       "  color: var(--sklearn-color-background);\n",
       "  text-decoration: none;\n",
       "}\n",
       "\n",
       "div.sk-estimator.fitted:hover .sk-estimator-doc-link.fitted:hover,\n",
       ".sk-estimator-doc-link.fitted:hover,\n",
       "div.sk-label-container:hover .sk-estimator-doc-link.fitted:hover,\n",
       ".sk-estimator-doc-link.fitted:hover {\n",
       "  /* fitted */\n",
       "  background-color: var(--sklearn-color-fitted-level-3);\n",
       "  color: var(--sklearn-color-background);\n",
       "  text-decoration: none;\n",
       "}\n",
       "\n",
       "/* Span, style for the box shown on hovering the info icon */\n",
       ".sk-estimator-doc-link span {\n",
       "  display: none;\n",
       "  z-index: 9999;\n",
       "  position: relative;\n",
       "  font-weight: normal;\n",
       "  right: .2ex;\n",
       "  padding: .5ex;\n",
       "  margin: .5ex;\n",
       "  width: min-content;\n",
       "  min-width: 20ex;\n",
       "  max-width: 50ex;\n",
       "  color: var(--sklearn-color-text);\n",
       "  box-shadow: 2pt 2pt 4pt #999;\n",
       "  /* unfitted */\n",
       "  background: var(--sklearn-color-unfitted-level-0);\n",
       "  border: .5pt solid var(--sklearn-color-unfitted-level-3);\n",
       "}\n",
       "\n",
       ".sk-estimator-doc-link.fitted span {\n",
       "  /* fitted */\n",
       "  background: var(--sklearn-color-fitted-level-0);\n",
       "  border: var(--sklearn-color-fitted-level-3);\n",
       "}\n",
       "\n",
       ".sk-estimator-doc-link:hover span {\n",
       "  display: block;\n",
       "}\n",
       "\n",
       "/* \"?\"-specific style due to the `<a>` HTML tag */\n",
       "\n",
       "#sk-container-id-2 a.estimator_doc_link {\n",
       "  float: right;\n",
       "  font-size: 1rem;\n",
       "  line-height: 1em;\n",
       "  font-family: monospace;\n",
       "  background-color: var(--sklearn-color-background);\n",
       "  border-radius: 1rem;\n",
       "  height: 1rem;\n",
       "  width: 1rem;\n",
       "  text-decoration: none;\n",
       "  /* unfitted */\n",
       "  color: var(--sklearn-color-unfitted-level-1);\n",
       "  border: var(--sklearn-color-unfitted-level-1) 1pt solid;\n",
       "}\n",
       "\n",
       "#sk-container-id-2 a.estimator_doc_link.fitted {\n",
       "  /* fitted */\n",
       "  border: var(--sklearn-color-fitted-level-1) 1pt solid;\n",
       "  color: var(--sklearn-color-fitted-level-1);\n",
       "}\n",
       "\n",
       "/* On hover */\n",
       "#sk-container-id-2 a.estimator_doc_link:hover {\n",
       "  /* unfitted */\n",
       "  background-color: var(--sklearn-color-unfitted-level-3);\n",
       "  color: var(--sklearn-color-background);\n",
       "  text-decoration: none;\n",
       "}\n",
       "\n",
       "#sk-container-id-2 a.estimator_doc_link.fitted:hover {\n",
       "  /* fitted */\n",
       "  background-color: var(--sklearn-color-fitted-level-3);\n",
       "}\n",
       "</style><div id=\"sk-container-id-2\" class=\"sk-top-container\"><div class=\"sk-text-repr-fallback\"><pre>GaussianMixture(n_components=5, random_state=42)</pre><b>In a Jupyter environment, please rerun this cell to show the HTML representation or trust the notebook. <br />On GitHub, the HTML representation is unable to render, please try loading this page with nbviewer.org.</b></div><div class=\"sk-container\" hidden><div class=\"sk-item\"><div class=\"sk-estimator fitted sk-toggleable\"><input class=\"sk-toggleable__control sk-hidden--visually\" id=\"sk-estimator-id-2\" type=\"checkbox\" checked><label for=\"sk-estimator-id-2\" class=\"sk-toggleable__label fitted sk-toggleable__label-arrow fitted\">&nbsp;&nbsp;GaussianMixture<a class=\"sk-estimator-doc-link fitted\" rel=\"noreferrer\" target=\"_blank\" href=\"https://scikit-learn.org/1.5/modules/generated/sklearn.mixture.GaussianMixture.html\">?<span>Documentation for GaussianMixture</span></a><span class=\"sk-estimator-doc-link fitted\">i<span>Fitted</span></span></label><div class=\"sk-toggleable__content fitted\"><pre>GaussianMixture(n_components=5, random_state=42)</pre></div> </div></div></div></div>"
      ],
      "text/plain": [
       "GaussianMixture(n_components=5, random_state=42)"
      ]
     },
     "execution_count": 6,
     "metadata": {},
     "output_type": "execute_result"
    }
   ],
   "source": [
    "# 2. 训练GMM模型\n",
    "# 使用 scikit-learn 的 GaussianMixture 进行训练\n",
    "M = 5  # 高斯分布的数量\n",
    "gmm = GaussianMixture(n_components=M, covariance_type='full', max_iter=100, random_state=42)\n",
    "gmm.fit(X)  # 拟合GMM模型\n"
   ]
  },
  {
   "cell_type": "code",
   "execution_count": 7,
   "metadata": {},
   "outputs": [
    {
     "name": "stdout",
     "output_type": "stream",
     "text": [
      "测试数据点的负对数似然 (NLL): 9.9210\n",
      "GMM权重 (w_m): [0.17534433 0.23059292 0.21211621 0.21908867 0.16285787]\n",
      "GMM均值 (mu_m): [[-0.48396646 -0.16228132 -0.0625338  -0.18875451  0.00955902 -0.85135721\n",
      "   0.14355433 -0.63756927]\n",
      " [-0.15731087  0.28331638 -0.03783023  0.04322699 -0.39767263 -0.16545481\n",
      "  -0.36367122  0.63708427]\n",
      " [ 0.1125077  -0.4657117   0.29765625  0.43433067  0.29782723  0.42658057\n",
      "  -0.53045767 -0.16189565]\n",
      " [ 0.29624936  0.37670129 -0.06797273 -0.45328888  0.71991969  0.30898932\n",
      "   0.01150631 -0.06553627]\n",
      " [ 0.17688159 -0.31170241 -0.39791857  0.09851115 -0.45557958  0.09610197\n",
      "   0.93883719  0.26307594]]\n",
      "GMM协方差矩阵 (Sigma_m): [[[ 8.35897991e-01  4.32339610e-02 -2.71557543e-02 -1.21433411e-01\n",
      "   -3.29498573e-02 -2.10198694e-01 -4.73325938e-02 -6.19463343e-04]\n",
      "  [ 4.32339610e-02  9.60506932e-01 -5.23136727e-02  2.14314897e-02\n",
      "   -2.35987620e-02 -9.98834610e-02  1.18953227e-01 -1.23671613e-01]\n",
      "  [-2.71557543e-02 -5.23136727e-02  9.65849299e-01 -3.31678129e-02\n",
      "   -1.30627630e-01  6.59933317e-02  2.36840989e-01 -5.16756714e-02]\n",
      "  [-1.21433411e-01  2.14314897e-02 -3.31678129e-02  5.93377906e-01\n",
      "    1.00139993e-01  6.19117397e-02  7.33851858e-02 -1.83011363e-01]\n",
      "  [-3.29498573e-02 -2.35987620e-02 -1.30627630e-01  1.00139993e-01\n",
      "    6.58114319e-01 -1.24946287e-01 -1.06600829e-01 -8.61382354e-02]\n",
      "  [-2.10198694e-01 -9.98834610e-02  6.59933317e-02  6.19117397e-02\n",
      "   -1.24946287e-01  7.02396169e-01  1.97131585e-01 -1.60074084e-01]\n",
      "  [-4.73325938e-02  1.18953227e-01  2.36840989e-01  7.33851858e-02\n",
      "   -1.06600829e-01  1.97131585e-01  8.31377557e-01  5.13377224e-02]\n",
      "  [-6.19463343e-04 -1.23671613e-01 -5.16756714e-02 -1.83011363e-01\n",
      "   -8.61382354e-02 -1.60074084e-01  5.13377224e-02  7.50806179e-01]]\n",
      "\n",
      " [[ 9.87172196e-01 -3.53601868e-01  9.27944162e-02  1.09732364e-02\n",
      "   -6.88160943e-02 -1.35502256e-01  4.82586912e-02 -8.19551384e-03]\n",
      "  [-3.53601868e-01  6.80230097e-01  5.73954684e-02 -5.18965188e-02\n",
      "   -2.36536979e-02 -4.59303356e-02  1.81488898e-01  2.26285245e-02]\n",
      "  [ 9.27944162e-02  5.73954684e-02  1.25187461e+00 -1.63235894e-01\n",
      "   -2.00468363e-01  3.43505954e-02 -1.55572733e-01 -2.29418785e-01]\n",
      "  [ 1.09732364e-02 -5.18965188e-02 -1.63235894e-01  9.45002328e-01\n",
      "    3.82469407e-02 -1.35539435e-01  1.82284789e-03 -3.89542956e-02]\n",
      "  [-6.88160943e-02 -2.36536979e-02 -2.00468363e-01  3.82469407e-02\n",
      "    6.92896330e-01 -5.17802043e-02  2.29142287e-01  3.37916966e-01]\n",
      "  [-1.35502256e-01 -4.59303356e-02  3.43505954e-02 -1.35539435e-01\n",
      "   -5.17802043e-02  7.36259423e-01  3.19856611e-02 -6.26530435e-02]\n",
      "  [ 4.82586912e-02  1.81488898e-01 -1.55572733e-01  1.82284789e-03\n",
      "    2.29142287e-01  3.19856611e-02  9.08256580e-01  2.80008153e-01]\n",
      "  [-8.19551384e-03  2.26285245e-02 -2.29418785e-01 -3.89542956e-02\n",
      "    3.37916966e-01 -6.26530435e-02  2.80008153e-01  9.41866371e-01]]\n",
      "\n",
      " [[ 6.85362810e-01  1.57442081e-02 -1.22024425e-01 -1.19335972e-01\n",
      "   -6.38363398e-02  8.41448387e-02  9.80666304e-02 -3.31292570e-01]\n",
      "  [ 1.57442081e-02  8.49402070e-01  8.45294498e-02 -2.37319612e-02\n",
      "    1.94042202e-01 -1.86690316e-01 -1.77295259e-01 -1.28339068e-01]\n",
      "  [-1.22024425e-01  8.45294498e-02  8.26866654e-01  6.12570304e-02\n",
      "   -1.94446815e-01 -1.06044396e-01  6.60268826e-02  1.46185137e-01]\n",
      "  [-1.19335972e-01 -2.37319612e-02  6.12570304e-02  7.63635487e-01\n",
      "   -2.20311614e-01 -6.18650698e-02  1.16436365e-01 -3.95094246e-04]\n",
      "  [-6.38363398e-02  1.94042202e-01 -1.94446815e-01 -2.20311614e-01\n",
      "    6.62730339e-01 -1.00834911e-01 -2.15415831e-01  1.52844680e-01]\n",
      "  [ 8.41448387e-02 -1.86690316e-01 -1.06044396e-01 -6.18650698e-02\n",
      "   -1.00834911e-01  8.49368211e-01  5.13374589e-02 -1.53942167e-01]\n",
      "  [ 9.80666304e-02 -1.77295259e-01  6.60268826e-02  1.16436365e-01\n",
      "   -2.15415831e-01  5.13374589e-02  6.95026616e-01 -9.12644838e-02]\n",
      "  [-3.31292570e-01 -1.28339068e-01  1.46185137e-01 -3.95094246e-04\n",
      "    1.52844680e-01 -1.53942167e-01 -9.12644838e-02  9.79023174e-01]]\n",
      "\n",
      " [[ 8.68045353e-01 -3.18776449e-02  5.25866731e-02  1.19330596e-01\n",
      "   -2.25519835e-01 -1.57465538e-01 -1.19488553e-01  2.49195247e-01]\n",
      "  [-3.18776449e-02  1.08100397e+00 -2.12603239e-01  2.07349364e-01\n",
      "   -1.77486320e-01 -1.97936726e-02 -4.52402841e-02  1.06696095e-01]\n",
      "  [ 5.25866731e-02 -2.12603239e-01  8.56798122e-01 -2.94694830e-02\n",
      "    1.60959459e-01 -7.74981411e-03 -7.43255702e-02  7.73354356e-02]\n",
      "  [ 1.19330596e-01  2.07349364e-01 -2.94694830e-02  1.25208655e+00\n",
      "    1.64554323e-01  5.39461573e-02 -5.20883942e-02  2.15281905e-01]\n",
      "  [-2.25519835e-01 -1.77486320e-01  1.60959459e-01  1.64554323e-01\n",
      "    8.06447515e-01 -2.52463138e-02  8.33206049e-02  4.14772292e-02]\n",
      "  [-1.57465538e-01 -1.97936726e-02 -7.74981411e-03  5.39461573e-02\n",
      "   -2.52463138e-02  7.87766313e-01  6.70481631e-02  1.20462376e-01]\n",
      "  [-1.19488553e-01 -4.52402841e-02 -7.43255702e-02 -5.20883942e-02\n",
      "    8.33206049e-02  6.70481631e-02  9.70186717e-01 -3.80194577e-02]\n",
      "  [ 2.49195247e-01  1.06696095e-01  7.73354356e-02  2.15281905e-01\n",
      "    4.14772292e-02  1.20462376e-01 -3.80194577e-02  7.51821221e-01]]\n",
      "\n",
      " [[ 1.33461650e+00  2.02016137e-01  1.83080050e-02 -8.97259219e-02\n",
      "    3.65209312e-02 -5.54703630e-02 -1.65485101e-02 -2.16809150e-01]\n",
      "  [ 2.02016137e-01  8.89903763e-01 -4.15790644e-02  7.69470105e-02\n",
      "   -1.71940815e-01  1.57965066e-01  1.41713763e-01 -3.58707137e-01]\n",
      "  [ 1.83080050e-02 -4.15790644e-02  6.88663421e-01  3.49589822e-02\n",
      "   -3.09409787e-02  2.02528558e-02  3.03361198e-01  1.79737797e-01]\n",
      "  [-8.97259219e-02  7.69470105e-02  3.49589822e-02  1.03278254e+00\n",
      "   -2.08452402e-01  9.59243130e-02  4.74797525e-02 -1.77015425e-01]\n",
      "  [ 3.65209312e-02 -1.71940815e-01 -3.09409787e-02 -2.08452402e-01\n",
      "    1.04238484e+00 -2.08517801e-01  1.98388167e-01  1.35786720e-01]\n",
      "  [-5.54703630e-02  1.57965066e-01  2.02528558e-02  9.59243130e-02\n",
      "   -2.08517801e-01  1.15777888e+00  3.41763198e-02 -1.13168992e-01]\n",
      "  [-1.65485101e-02  1.41713763e-01  3.03361198e-01  4.74797525e-02\n",
      "    1.98388167e-01  3.41763198e-02  7.16516035e-01 -6.06761332e-02]\n",
      "  [-2.16809150e-01 -3.58707137e-01  1.79737797e-01 -1.77015425e-01\n",
      "    1.35786720e-01 -1.13168992e-01 -6.06761332e-02  8.87226681e-01]]]\n"
     ]
    }
   ],
   "source": [
    "\n",
    "# 3. 不确定性估计\n",
    "# 对于测试数据点 x_test，计算其负对数似然（NLL）\n",
    "x_test = np.random.randn(1, D)  # 随机生成一个测试数据点\n",
    "log_prob = gmm.score_samples(x_test)  # 计算对数概率\n",
    "nll = -log_prob  # 负对数似然\n",
    "\n",
    "print(f\"测试数据点的负对数似然 (NLL): {nll[0]:.4f}\")\n",
    "\n",
    "# 4. 可视化GMM的参数（可选）\n",
    "print(\"GMM权重 (w_m):\", gmm.weights_)\n",
    "print(\"GMM均值 (mu_m):\", gmm.means_)\n",
    "print(\"GMM协方差矩阵 (Sigma_m):\", gmm.covariances_)"
   ]
  },
  {
   "cell_type": "code",
   "execution_count": 8,
   "metadata": {},
   "outputs": [],
   "source": [
    "# load data\n",
    "desc_string = 'descriptors/*/desc.npy'\n",
    "dpdata_name = \"FeCHO-clean-v2-7-20873\"\n",
    "dpdata_path = \"./data-clean-v2-7-20873-npy\"\n",
    "dpdata_string = \"O*\""
   ]
  },
  {
   "cell_type": "code",
   "execution_count": 9,
   "metadata": {},
   "outputs": [
    {
     "name": "stdout",
     "output_type": "stream",
     "text": [
      "Reading descriptor results...\n"
     ]
    },
    {
     "data": {
      "text/plain": [
       "(20873, 136)"
      ]
     },
     "execution_count": 9,
     "metadata": {},
     "output_type": "execute_result"
    }
   ],
   "source": [
    "# define used function\n",
    "def extract_elements_array(data: dpdata.LabeledSystem) -> list:\n",
    "    '''extract elements array from dpdata for draw t-SNE'''\n",
    "    types = data.data['atom_types']\n",
    "    names = data.data['atom_names']\n",
    "    ele_array = [names[ind] for ind in types]\n",
    "    return ele_array\n",
    "\n",
    "# read descriptors/*/desc.npy data\n",
    "print(\"Reading descriptor results...\")\n",
    "desc_keys = []\n",
    "all_desc_stru = []\n",
    "for f in glob.glob(desc_string):\n",
    "    # extract dirname of desc.npy from descriptors/*\n",
    "    directory, _ = os.path.split(f)\n",
    "    _, keyname = os.path.split(directory)\n",
    "    desc_keys.append(keyname)\n",
    "    one_desc = np.load(f) # nframe, natoms, ndesc\n",
    "    # do average in natoms dimension\n",
    "    one_desc_stru = np.mean(one_desc, axis=1)\n",
    "    all_desc_stru.append(one_desc_stru)\n",
    "all_desc_stru = np.concatenate(all_desc_stru, axis=0)\n",
    "np.shape(all_desc_stru)"
   ]
  },
  {
   "cell_type": "code",
   "execution_count": 10,
   "metadata": {},
   "outputs": [
    {
     "data": {
      "text/plain": [
       "MultiSystems (694 systems containing 20873 frames)"
      ]
     },
     "execution_count": 10,
     "metadata": {},
     "output_type": "execute_result"
    }
   ],
   "source": [
    "# read dpdata for element type information \n",
    "#print(\"Reading corresponding dpdata...\")\n",
    "alldata =  dpdata.MultiSystems.from_dir(dpdata_path, dpdata_string, fmt=\"deepmd/npy\")\n",
    "alldata"
   ]
  },
  {
   "cell_type": "code",
   "execution_count": 11,
   "metadata": {},
   "outputs": [],
   "source": [
    "alldata_dict = {}\n",
    "for lbsys in alldata:\n",
    "    alldata_dict[lbsys.short_name] = lbsys\n",
    "\n",
    "# get list of system name\n",
    "sys_list = []\n",
    "for keyname in desc_keys:\n",
    "    target_sys = alldata_dict[keyname]\n",
    "    for ind in range(target_sys.get_nframes()):\n",
    "        sys_list.append(f\"{keyname}-{ind}\")\n",
    "    \n",
    "# get element ratio\n",
    "element_ratio_dict = {}\n",
    "element_names = alldata[0].get_atom_names()\n",
    "for element in element_names:\n",
    "    ratio_for_ele = []\n",
    "    for keyname in desc_keys:\n",
    "        target_sys = alldata_dict[keyname]\n",
    "        ratio = target_sys.get_atom_numbs()[target_sys.get_atom_names().index(element)] / np.sum(target_sys.get_atom_numbs())\n",
    "        ratio_for_ele.extend([ratio] * target_sys.get_nframes())\n",
    "    element_ratio_dict[element] = ratio_for_ele"
   ]
  },
  {
   "cell_type": "code",
   "execution_count": null,
   "metadata": {},
   "outputs": [
    {
     "name": "stdout",
     "output_type": "stream",
     "text": [
      "最优的 M 值: 27\n"
     ]
    }
   ],
   "source": [
    "# 尝试不同的 M 值\n",
    "M_values = range(10, 40)  # 尝试 M 从 1 到 20\n",
    "bic_values = [-13828760.6328262,\n",
    " -16124263.473793956,\n",
    " -16700779.97840544,\n",
    " -17153720.649649102,\n",
    " -17250566.966042615,\n",
    " -17473201.829664845,\n",
    " -17577903.616495498,\n",
    " -17820415.07022099,\n",
    " -18192125.99617989,\n",
    " -18191669.236036282,\n",
    " -18214515.951762322,\n",
    " -18391690.918408792,\n",
    " -18355628.354964457,\n",
    " -18368214.223107353,\n",
    " -18340171.805149946,\n",
    " -18375236.127908256,\n",
    " -18434040.733593017,\n",
    " -18400620.685319636,\n",
    " -18359427.62594295]\n",
    "bic_values_new = bic_values[:10]\n",
    "X = all_desc_stru\n",
    "\n",
    "for M in M_values:\n",
    "    gmm = GaussianMixture(n_components=M, \n",
    "                          covariance_type='full', \n",
    "                          random_state=42,\n",
    "                          max_iter=100)\n",
    "    gmm.fit(X)\n",
    "    bic_values_new.append(gmm.bic(X))  # 计算 BIC 值\n",
    "\n",
    "# 选择使 BIC 最小的 M\n",
    "optimal_M = M_values[np.argmin(bic_values_new)]\n",
    "print(f\"最优的 M 值: {optimal_M}\")"
   ]
  },
  {
   "cell_type": "code",
   "execution_count": 30,
   "metadata": {},
   "outputs": [
    {
     "data": {
      "text/plain": [
       "[<matplotlib.lines.Line2D at 0x7fe3030c9c10>]"
      ]
     },
     "execution_count": 30,
     "metadata": {},
     "output_type": "execute_result"
    },
    {
     "data": {
